0
0
0
0
0
0
0
0
0
0
0
0
0
0
0
0
0
0
0
255
0
0
255
0
0
0
0
0
211
0
0
0
0
255
255
255
77
255
255
255
0
0
255
128
255
255
255
0
0
0
0
0
0
0
0
128
0
0
255
0
0
0
77
0
0
0
0
255
255
77
255
255
0
255
77
255
255
0
255
0
0
255
255
128
0
0
0
0
0
255
0
0
255
0
255
0
0
128
0
255
255
255
128
255
128
255
255
0
255
0
255
0
0
0
0
0
0
255
0
0
0
0
77
0
255
0
128
0
0
0
255
255
77
255
255
255
255
0
255
0
128
255
255
0
0
255
255
0
0
0
0
0
128
0
128
0
255
0
255
0
0
0
255
255
255
128
255
0
255
0
255
0
77
0
128
0
0
0
0
0
0
0
255
0
255
77
255
0
255
0
255
0
0
255
255
77
255
255
255
0
0
255
0
0
128
0
128
0
0
0
0
255
0
128
0
0
0
255
255
77
255
0
255
0
0
0
0
26
0
255
255
255
0
0
0
255
0
0
255
0
0
0
0
0
0
0
0
0
0
0
0
0
0
0
0
0
